%YAML:1.0
---
model_type: PINHOLE
camera_name: camera
image_width: 640
image_height: 480
distortion_parameters:
   k1: 0.004090083315162736
   k2: -0.004089996633748525
   p1: 0.0001978156144338315
   p2: 0.0007481304721465267
projection_parameters:
   fx: 390.76399129477807
   fy: 391.20099803868953
   cx: 318.0142217795937
   cy: 242.2784877782992
