%YAML:1.0
---
model_type: PINHOLE
camera_name: camera
image_width: 640
image_height: 480
distortion_parameters:
   k1: 0.004913676723961613
   k2: -0.005459907346999315
   p1: 0.00010386970848960114
   p2: 0.00020107428856592865
projection_parameters:
   fx: 390.6811721023493
   fy: 391.1079246042584
   cx: 318.4564581234082
   cy: 242.43891273296373
